101
 
#0
0.0	0.0	0.0 
0.0	0.0	1.0
-999.9	999.9
1 -1
-1 -1
0.01	0.01
0x00
 
 
#1
0.0	10.0	0.0 
0.0	0.0	1.0
-999.9	999.9
2 -1
0 -1
0.01	0.01
0x00
 
 
#2
0.0	20.0	0.0 
0.0	0.0	1.0
-999.9	999.9
3 -1
1 -1
0.01	0.01
0x00
 
 
#3
0.0	30.0	0.0 
0.0	0.0	1.0
-999.9	999.9
4 -1
2 -1
0.01	0.01
0x00
 
 
#4
0.0	40.0	0.0 
0.0	0.0	1.0
-999.9	999.9
5 -1
3 -1
0.01	0.01
0x00
 
 
#5
0.0	50.0	0.0 
0.0	0.0	1.0
-999.9	999.9
6 -1
4 -1
0.01	0.01
0x00
 
 
#6
0.0	60.0	0.0 
0.0	0.0	1.0
-999.9	999.9
7 -1
5 -1
0.01	0.01
0x00
 
 
#7
0.0	70.0	0.0 
0.0	0.0	1.0
-999.9	999.9
8 -1
6 -1
0.01	0.01
0x00
 
 
#8
0.0	80.0	0.0 
0.0	0.0	1.0
-999.9	999.9
9 -1
7 -1
0.01	0.01
0x00
 
 
#9
0.0	90.0	0.0 
0.0	0.0	1.0
-999.9	999.9
10 -1
8 -1
0.01	0.01
0x00
 
 
#10
0.0	100.0	0.0 
0.0	0.0	1.0
-999.9	999.9
11 -1
9 -1
0.01	0.01
0x00
 
 
#11
0.0	110.0	0.0 
0.0	0.0	1.0
-999.9	999.9
12 -1
10 -1
0.01	0.01
0x00
 
 
#12
0.0	120.0	0.0 
0.0	0.0	1.0
-999.9	999.9
13 -1
11 -1
0.01	0.01
0x00
 
 
#13
0.0	130.0	0.0 
0.0	0.0	1.0
-999.9	999.9
14 -1
12 -1
0.01	0.01
0x00
 
 
#14
0.0	140.0	0.0 
0.0	0.0	1.0
-999.9	999.9
15 -1
13 -1
0.01	0.01
0x00
 
 
#15
0.0	150.0	0.0 
0.0	0.0	1.0
-999.9	999.9
16 -1
14 -1
0.01	0.01
0x00
 
 
#16
0.0	160.0	0.0 
0.0	0.0	1.0
-999.9	999.9
17 -1
15 -1
0.01	0.01
0x00
 
 
#17
0.0	170.0	0.0 
0.0	0.0	1.0
-999.9	999.9
18 -1
16 -1
0.01	0.01
0x00
 
 
#18
0.0	180.0	0.0 
0.0	0.0	1.0
-999.9	999.9
19 -1
17 -1
0.01	0.01
0x00
 
 
#19
0.0	190.0	0.0 
0.0	0.0	1.0
-999.9	999.9
20 -1
18 -1
0.01	0.01
0x00
 
 
#20
0.0	200.0	0.0 
0.0	0.0	1.0
-999.9	999.9
21 -1
19 -1
0.01	0.01
0x00
 
 
#21
0.0	210.0	0.0 
0.0	0.0	1.0
-999.9	999.9
22 -1
20 -1
0.01	0.01
0x00
 
 
#22
0.0	220.0	0.0 
0.0	0.0	1.0
-999.9	999.9
23 -1
21 -1
0.01	0.01
0x00
 
 
#23
0.0	230.0	0.0 
0.0	0.0	1.0
-999.9	999.9
24 -1
22 -1
0.01	0.01
0x00
 
 
#24
0.0	240.0	0.0 
0.0	0.0	1.0
-999.9	999.9
25 -1
23 -1
0.01	0.01
0x00
 
 
#25
0.0	250.0	0.0 
0.0	0.0	1.0
-999.9	999.9
26 -1
24 -1
0.01	0.01
0x00
 
 
#26
0.0	260.0	0.0 
0.0	0.0	1.0
-999.9	999.9
27 -1
25 -1
0.01	0.01
0x00
 
 
#27
0.0	270.0	0.0 
0.0	0.0	1.0
-999.9	999.9
28 -1
26 -1
0.01	0.01
0x00
 
 
#28
0.0	280.0	0.0 
0.0	0.0	1.0
-999.9	999.9
29 -1
27 -1
0.01	0.01
0x00
 
 
#29
0.0	290.0	0.0 
0.0	0.0	1.0
-999.9	999.9
30 -1
28 -1
0.01	0.01
0x00
 
 
#30
0.0	300.0	0.0 
0.0	0.0	1.0
-999.9	999.9
31 -1
29 -1
0.01	0.01
0x00
 
 
#31
0.0	310.0	0.0 
0.0	0.0	1.0
-999.9	999.9
32 -1
30 -1
0.01	0.01
0x00
 
 
#32
0.0	320.0	0.0 
0.0	0.0	1.0
-999.9	999.9
33 -1
31 -1
0.01	0.01
0x00
 
 
#33
0.0	330.0	0.0 
0.0	0.0	1.0
-999.9	999.9
34 -1
32 -1
0.01	0.01
0x00
 
 
#34
0.0	340.0	0.0 
0.0	0.0	1.0
-999.9	999.9
35 -1
33 -1
0.01	0.01
0x00
 
 
#35
0.0	350.0	0.0 
0.0	0.0	1.0
-999.9	999.9
36 -1
34 -1
0.01	0.01
0x00
 
 
#36
0.0	360.0	0.0 
0.0	0.0	1.0
-999.9	999.9
37 -1
35 -1
0.01	0.01
0x00
 
 
#37
0.0	370.0	0.0 
0.0	0.0	1.0
-999.9	999.9
38 -1
36 -1
0.01	0.01
0x00
 
 
#38
0.0	380.0	0.0 
0.0	0.0	1.0
-999.9	999.9
39 -1
37 -1
0.01	0.01
0x00
 
 
#39
0.0	390.0	0.0 
0.0	0.0	1.0
-999.9	999.9
40 -1
38 -1
0.01	0.01
0x00
 
 
#40
0.0	400.0	0.0 
0.0	0.0	1.0
-999.9	999.9
41 -1
39 -1
0.01	0.01
0x00
 
 
#41
0.0	410.0	0.0 
0.0	0.0	1.0
-999.9	999.9
42 -1
40 -1
0.01	0.01
0x00
 
 
#42
0.0	420.0	0.0 
0.0	0.0	1.0
-999.9	999.9
43 -1
41 -1
0.01	0.01
0x00
 
 
#43
0.0	430.0	0.0 
0.0	0.0	1.0
-999.9	999.9
44 -1
42 -1
0.01	0.01
0x00
 
 
#44
0.0	440.0	0.0 
0.0	0.0	1.0
-999.9	999.9
45 -1
43 -1
0.01	0.01
0x00
 
 
#45
0.0	450.0	0.0 
0.0	0.0	1.0
-999.9	999.9
46 -1
44 -1
0.01	0.01
0x00
 
 
#46
0.0	460.0	0.0 
0.0	0.0	1.0
-999.9	999.9
47 -1
45 -1
0.01	0.01
0x00
 
 
#47
0.0	470.0	0.0 
0.0	0.0	1.0
-999.9	999.9
48 -1
46 -1
0.01	0.01
0x00
 
 
#48
0.0	480.0	0.0 
0.0	0.0	1.0
-999.9	999.9
49 -1
47 -1
0.01	0.01
0x00
 
 
#49
0.0	490.0	0.0 
0.0	0.0	1.0
-999.9	999.9
50 -1
48 -1
0.01	0.01
0x00
 
 
#50
0.0	500.0	0.0 
0.0	0.0	1.0
-999.9	999.9
51 -1
49 -1
0.01	0.01
0x00
 
 
#51
0.0	510.0	0.0 
0.0	0.0	1.0
-999.9	999.9
52 -1
50 -1
0.01	0.01
0x00
 
 
#52
0.0	520.0	0.0 
0.0	0.0	1.0
-999.9	999.9
53 -1
51 -1
0.01	0.01
0x00
 
 
#53
0.0	530.0	0.0 
0.0	0.0	1.0
-999.9	999.9
54 -1
52 -1
0.01	0.01
0x00
 
 
#54
0.0	540.0	0.0 
0.0	0.0	1.0
-999.9	999.9
55 -1
53 -1
0.01	0.01
0x00
 
 
#55
0.0	550.0	0.0 
0.0	0.0	1.0
-999.9	999.9
56 -1
54 -1
0.01	0.01
0x00
 
 
#56
0.0	560.0	0.0 
0.0	0.0	1.0
-999.9	999.9
57 -1
55 -1
0.01	0.01
0x00
 
 
#57
0.0	570.0	0.0 
0.0	0.0	1.0
-999.9	999.9
58 -1
56 -1
0.01	0.01
0x00
 
 
#58
0.0	580.0	0.0 
0.0	0.0	1.0
-999.9	999.9
59 -1
57 -1
0.01	0.01
0x00
 
 
#59
0.0	590.0	0.0 
0.0	0.0	1.0
-999.9	999.9
60 -1
58 -1
0.01	0.01
0x00
 
 
#60
0.0	600.0	0.0 
0.0	0.0	1.0
-999.9	999.9
61 -1
59 -1
0.01	0.01
0x00
 
 
#61
0.0	610.0	0.0 
0.0	0.0	1.0
-999.9	999.9
62 -1
60 -1
0.01	0.01
0x00
 
 
#62
0.0	620.0	0.0 
0.0	0.0	1.0
-999.9	999.9
63 -1
61 -1
0.01	0.01
0x00
 
 
#63
0.0	630.0	0.0 
0.0	0.0	1.0
-999.9	999.9
64 -1
62 -1
0.01	0.01
0x00
 
 
#64
0.0	640.0	0.0 
0.0	0.0	1.0
-999.9	999.9
65 -1
63 -1
0.01	0.01
0x00
 
 
#65
0.0	650.0	0.0 
0.0	0.0	1.0
-999.9	999.9
66 -1
64 -1
0.01	0.01
0x00
 
 
#66
0.0	660.0	0.0 
0.0	0.0	1.0
-999.9	999.9
67 -1
65 -1
0.01	0.01
0x00
 
 
#67
0.0	670.0	0.0 
0.0	0.0	1.0
-999.9	999.9
68 -1
66 -1
0.01	0.01
0x00
 
 
#68
0.0	680.0	0.0 
0.0	0.0	1.0
-999.9	999.9
69 -1
67 -1
0.01	0.01
0x00
 
 
#69
0.0	690.0	0.0 
0.0	0.0	1.0
-999.9	999.9
70 -1
68 -1
0.01	0.01
0x00
 
 
#70
0.0	700.0	0.0 
0.0	0.0	1.0
-999.9	999.9
71 -1
69 -1
0.01	0.01
0x00
 
 
#71
0.0	710.0	0.0 
0.0	0.0	1.0
-999.9	999.9
72 -1
70 -1
0.01	0.01
0x00
 
 
#72
0.0	720.0	0.0 
0.0	0.0	1.0
-999.9	999.9
73 -1
71 -1
0.01	0.01
0x00
 
 
#73
0.0	730.0	0.0 
0.0	0.0	1.0
-999.9	999.9
74 -1
72 -1
0.01	0.01
0x00
 
 
#74
0.0	740.0	0.0 
0.0	0.0	1.0
-999.9	999.9
75 -1
73 -1
0.01	0.01
0x00
 
 
#75
0.0	750.0	0.0 
0.0	0.0	1.0
-999.9	999.9
76 -1
74 -1
0.01	0.01
0x00
 
 
#76
0.0	760.0	0.0 
0.0	0.0	1.0
-999.9	999.9
77 -1
75 -1
0.01	0.01
0x00
 
 
#77
0.0	770.0	0.0 
0.0	0.0	1.0
-999.9	999.9
78 -1
76 -1
0.01	0.01
0x00
 
 
#78
0.0	780.0	0.0 
0.0	0.0	1.0
-999.9	999.9
79 -1
77 -1
0.01	0.01
0x00
 
 
#79
0.0	790.0	0.0 
0.0	0.0	1.0
-999.9	999.9
80 -1
78 -1
0.01	0.01
0x00
 
 
#80
0.0	800.0	0.0 
0.0	0.0	1.0
-999.9	999.9
81 -1
79 -1
0.01	0.01
0x00
 
 
#81
0.0	810.0	0.0 
0.0	0.0	1.0
-999.9	999.9
82 -1
80 -1
0.01	0.01
0x00
 
 
#82
0.0	820.0	0.0 
0.0	0.0	1.0
-999.9	999.9
83 -1
81 -1
0.01	0.01
0x00
 
 
#83
0.0	830.0	0.0 
0.0	0.0	1.0
-999.9	999.9
84 -1
82 -1
0.01	0.01
0x00
 
 
#84
0.0	840.0	0.0 
0.0	0.0	1.0
-999.9	999.9
85 -1
83 -1
0.01	0.01
0x00
 
 
#85
0.0	850.0	0.0 
0.0	0.0	1.0
-999.9	999.9
86 -1
84 -1
0.01	0.01
0x00
 
 
#86
0.0	860.0	0.0 
0.0	0.0	1.0
-999.9	999.9
87 -1
85 -1
0.01	0.01
0x00
 
 
#87
0.0	870.0	0.0 
0.0	0.0	1.0
-999.9	999.9
88 -1
86 -1
0.01	0.01
0x00
 
 
#88
0.0	880.0	0.0 
0.0	0.0	1.0
-999.9	999.9
89 -1
87 -1
0.01	0.01
0x00
 
 
#89
0.0	890.0	0.0 
0.0	0.0	1.0
-999.9	999.9
90 -1
88 -1
0.01	0.01
0x00
 
 
#90
0.0	900.0	0.0 
0.0	0.0	1.0
-999.9	999.9
91 -1
89 -1
0.01	0.01
0x00
 
 
#91
0.0	910.0	0.0 
0.0	0.0	1.0
-999.9	999.9
92 -1
90 -1
0.01	0.01
0x00
 
 
#92
0.0	920.0	0.0 
0.0	0.0	1.0
-999.9	999.9
93 -1
91 -1
0.01	0.01
0x00
 
 
#93
0.0	930.0	0.0 
0.0	0.0	1.0
-999.9	999.9
94 -1
92 -1
0.01	0.01
0x00
 
 
#94
0.0	940.0	0.0 
0.0	0.0	1.0
-999.9	999.9
95 -1
93 -1
0.01	0.01
0x00
 
 
#95
0.0	950.0	0.0 
0.0	0.0	1.0
-999.9	999.9
96 -1
94 -1
0.01	0.01
0x00
 
 
#96
0.0	960.0	0.0 
0.0	0.0	1.0
-999.9	999.9
97 -1
95 -1
0.01	0.01
0x00
 
 
#97
0.0	970.0	0.0 
0.0	0.0	1.0
-999.9	999.9
98 -1
96 -1
0.01	0.01
0x00
 
 
#98
0.0	980.0	0.0 
0.0	0.0	1.0
-999.9	999.9
99 -1
97 -1
0.01	0.01
0x00
 
 
#99
0.0	990.0	0.0 
0.0	0.0	1.0
-999.9	999.9
100 -1
98 -1
0.01	0.01
0x00
 
 
#100
0.0	1000.0	0.0 
0.0	0.0	1.0
-999.9	999.9
-1
99 -1
0.01	0.01
0x00
 
 
 
