13


#0
0.0	0.0	0.0 
0.0	0.0	1.0
-999	999.9
1 -1
-1
0.16666667	0.16666667
0x00


#1
0.0	0.0	3.0 
1.0	0.0	0.0
-999	999.9
2 -1
0 -1
0.16666667	0.16666667
0x00


#2
0.0	0.0	5.0 
0.0	0.0	1.0
0.0	20.0
3 -1
1 -1
0.16666667	0.16666667
0x01


#3
0.0	0.0	10.0 
0.0	0.0	1.0
-999.9	999.9
4 -1
2 -1
0.16666667	0.16666667
0x00


#4
0.0	0.0	20.0 
1.0	0.0	0.0
-999.9	999.9
5 9 -1
3 -1
0.16666667	0.16666667
0x00


#5
-5.0	0.0	20.0 
0.0	1.0	0.0
-1.0	1.0
6 -1
4 -1
0.16666667	0.16666667
0x00

 
#6
-5.0	0.0	30.0 
0.0	1.0	0.0
0.0	2.0
7 -1
5 -1
0.16666667	0.16666667
0x00

 
#7
-5.0	0.0	40.0 
0.0	1.0	0.0
0.0	2.0
8 -1
6 -1
0.16666667	0.16666667
0x00

 
#8
-5.0	0.0	45.0 
0.0	1.0	0.0
-1.6	0.0
-1
7 -1
0.16666667	0.16666667
0x00


#9
5.0	0.0	20.0 
0.0	1.0	0.0
-1.0	1.0
10 -1
4 -1
0.16666667	0.16666667
0x00

 
#10
5.0	0.0	30.0 
0.0	1.0	0.0
-2.0	0.0
11 -1
9 -1
0.16666667	0.16666667
0x00

 
#11
5.0	0.0	40.0 
0.0	1.0	0.0
-2.0	0.0
12 -1
10 -1
0.16666667	0.16666667
0x00

 
#12
5.0	0.0	45.0 
0.0	1.0	0.0
0.0	1.6
-1
11 -1
0.16666667	0.16666667
0x00


