

17 

#0
-10.0 40.0 0.0
0.000000	0.000000	1.000000
-999.000000	999.900000
1 -1
-1 -1
0.1 0.1
0x00


#1
-8.08658283817455 39.61939766255644 0.0
0.000000	0.000000	1.000000
-999.000000	999.900000
2 -1
0 -1
0.1 0.1
0x02


#2
-6.464466094067262 38.53553390593274 0.0
0.000000	0.000000	1.000000
-999.000000	999.900000
3 -1
1 -1
0.1 0.1
0x02


#3
-5.380602337443566 36.91341716182545 0.0
0.000000	0.000000	1.000000
-999.000000	999.900000
4 -1
2 -1
0.1 0.1
0x02


#4
-5.0 35.0 0.0
0.000000	0.000000	1.000000
-999.000000	999.900000
5 -1
3 -1
0.1 0.1
0x02


#5
-5.380602337443566 33.08658283817455 0.0
0.000000	0.000000	1.000000
-999.000000	999.900000
6 -1
4 -1
0.1 0.1
0x02


#6
-6.464466094067262 31.464466094067262 0.0
0.000000	0.000000	1.000000
-999.000000	999.900000
7 -1
5 -1
0.1 0.1
0x02


#7
-8.08658283817455 30.380602337443566 0.0
0.000000	0.000000	1.000000
-999.000000	999.900000
8 -1
6 -1
0.1 0.1
0x02


#8
-10.0 30.0 0.0
0.000000	0.000000	1.000000
-999.000000	999.900000
9 -1
7 -1
0.1 0.1
0x02


#9
-11.913417161825448 30.380602337443566 0.0
0.000000	0.000000	1.000000
-999.000000	999.900000
10 -1
8 -1
0.1 0.1
0x02


#10
-13.535533905932738 31.464466094067262 0.0
0.000000	0.000000	1.000000
-999.000000	999.900000
11 -1
9 -1
0.1 0.1
0x02


#11
-14.619397662556432 33.08658283817455 0.0
0.000000	0.000000	1.000000
-999.000000	999.900000
12 -1
10 -1
0.1 0.1
0x02


#12
-15.0 35.0 0.0
0.000000	0.000000	1.000000
-999.000000	999.900000
13 -1
11 -1
0.1 0.1
0x02


#13
-14.619397662556434 36.91341716182545 0.0
0.000000	0.000000	1.000000
-999.000000	999.900000
14 -1
12 -1
0.1 0.1
0x02


#14
-13.535533905932738 38.53553390593274 0.0
0.000000	0.000000	1.000000
-999.000000	999.900000
15 -1
13 -1
0.1 0.1
0x02


#15
-11.913417161825452 39.61939766255643 0.0
0.000000	0.000000	1.000000
-999.000000	999.900000
16 -1
14 -1
0.1 0.1
0x02


#16
-10.000000000000002 40.0 0.0
0.000000	0.000000	1.000000
-999.000000	999.900000
-1
15 -1
0.1 0.1
0x02



